EDGE_SE2 0 1 0.9999999895377322 -0.00014465315299719256 -1.0234095552400373 0.00014465315299735912 0.9999999895377313 -0.039640241811081424
EDGE_SE2 0 2 0.9999999883544537 -0.0001526141960539324 -3.421828205646273 0.00015261419605391854 0.9999999883544538 -0.058621918278729444
EDGE_SE2 0 3 0.9999990511801629 -0.0013775481025896533 -9.582326358149148 0.0013775481025895698 0.9999990511801634 0.2664500048321508
EDGE_SE2 1 2 0.9999999963263917 -8.5715907964426e-05 -2.425074874436419 8.571590796438437e-05 0.9999999963263919 -0.03604368016816352
EDGE_SE2 1 3 0.9999989755256843 -0.0014314145388326781 -8.600753251201374 0.0014314145388327059 0.9999989755256838 0.28042555348724724
EDGE_SE2 1 4 0.9999953151600937 -0.003060989687115959 -16.1068345582742 0.003060989687116028 0.9999953151600931 0.5788022033201106
EDGE_SE2 2 3 0.9999991505766834 -0.0013033978330933278 -6.196602871443705 0.0013033978330933556 0.9999991505766833 0.3076807822269276
EDGE_SE2 2 4 0.9999955851294023 -0.0029714847643109864 -13.655499678233937 0.002971484764311 0.9999955851294021 0.5914948838406409
EDGE_SE2 2 5 0.9999948997010005 -0.0031938334311737014 -18.105855824071387 0.003193833431173687 0.9999948997010004 1.0433659932707353
EDGE_SE2 3 4 0.9999987352287335 -0.0015904530590410686 -7.501314362044517 0.0015904530590410964 0.9999987352287334 0.28102249481212366
EDGE_SE2 3 5 0.9999977046878621 -0.0021425729877572203 -12.042310379315502 0.0021425729877571093 0.9999977046878625 0.7011793334861636
EDGE_SE2 3 6 0.9999983152711285 -0.0018356075031545787 -13.769913952232432 0.0018356075031544957 0.9999983152711288 1.253978587983857
EDGE_SE2 4 5 0.9999999483236446 -0.00032148515940864914 -4.57481645587673 0.00032148515940869077 0.9999999483236446 0.44071414903839523
EDGE_SE2 4 6 0.9999999958237532 -9.139197739575785e-05 -6.244354679686614 9.139197739566071e-05 0.999999995823754 0.9634958814978715
EDGE_SE2 4 7 0.9999992557715187 0.0012200231183766438 -7.471416740616039 -0.0012200231183767407 0.999999255771519 1.2927243889481357
EDGE_SE2 5 6 0.9999999228139855 0.0003929020535728556 -1.6445144484134493 -0.00039290205357298046 0.9999999228139862 0.5265124549439457
EDGE_SE2 5 7 0.9999987474515395 0.0015827493017489805 -2.9104478142558294 -0.0015827493017488972 0.9999987474515389 0.8409545119718329
EDGE_SE2 5 8 0.999995859035185 0.0028778312116097965 -4.299802448250479 -0.0028778312116098104 0.999995859035185 1.009547609196878
EDGE_SE2 6 7 0.9999992646469087 0.0012127265315536012 -1.2502755819087623 -0.001212726531553407 0.9999992646469079 0.3221523504523414
EDGE_SE2 6 8 0.9999967971137484 0.0025309607357095797 -2.649436295192206 -0.0025309607357097462 0.9999967971137491 0.4769546674717702
EDGE_SE2 6 9 0.9999977009835449 0.002144301197379059 -5.7179695600961855 -0.0021443011973790458 0.9999977009835447 0.2517916864491379
EDGE_SE2 7 8 0.9999990396463369 0.0013858955240090274 -1.3846242922464316 -0.0013858955240089164 0.9999990396463364 0.16755259173654652
EDGE_SE2 7 9 0.9999995996617709 0.000894805172958299 -4.434414148314107 -0.0008948051729583129 0.9999995996617712 -0.06673031569530416
EDGE_SE2 7 10 0.999999209998153 0.0012569817302539033 -11.441158377571323 -0.0012569817302538894 0.9999992099981528 0.13719963203951532
EDGE_SE2 8 9 0.9999998893357684 -0.0004704555774905912 -3.057959884864776 0.0004704555774907023 0.999999889335768 -0.2439126944769089
EDGE_SE2 8 10 0.9999999977179179 -6.755860118565222e-05 -10.076521223403061 6.755860118556896e-05 0.9999999977179184 -0.06122929037378035
EDGE_SE2 8 11 0.9999997232677733 0.0007439518642696066 -17.790276422053825 -0.000743951864269565 0.9999997232677733 0.25871178674583345
EDGE_SE2 9 10 0.999999985016412 0.0001731103008638658 -7.056643868111133 -0.0001731103008639352 0.9999999850164121 0.18186796613198186
EDGE_SE2 9 11 0.9999993355195673 0.0011528054578336796 -14.776474081510285 -0.00115280545783361 0.9999993355195668 0.4903138750067938
EDGE_SE2 9 12 0.9999999308604989 0.0003718588414658584 -22.87200280450338 -0.00037185884146596947 0.9999999308604993 0.6371043889776934
EDGE_SE2 10 11 0.9999995946964817 0.0009003370878476601 -7.7632866733775225 -0.0009003370878475766 0.9999995946964815 0.2801424879760736
EDGE_SE2 10 12 0.9999999776956549 0.00021120769360438726 -15.892586654219302 -0.00021120769360444277 0.9999999776956552 0.44245638017144945
EDGE_SE2 10 13 0.99999784794689 -0.002074632880441572 -24.796465254621673 0.002074632880441683 0.9999978479468893 0.8854582061709225
EDGE_SE2 11 12 0.9999997817650805 -0.0006606586033885548 -8.132148185005933 0.0006606586033886935 0.99999978176508 0.14579095198151817
EDGE_SE2 11 13 0.9999956043062035 -0.00296502416030177 -17.068842785051118 0.002965024160301741 0.9999956043062036 0.5928394456130165
EDGE_SE2 11 14 0.9999724414061154 0.007424043931227184 -22.740868103353684 -0.007424043931227212 0.9999724414061156 0.9877563665699677
EDGE_SE2 12 13 0.9999971910207897 -0.002370221620590002 -9.058676124326277 0.002370221620590002 0.9999971910207894 0.4575902587315864
EDGE_SE2 12 14 0.9999692808634162 -0.007838196827231376 -16.763975174441214 0.00783819682723132 0.9999692808634165 0.25121690277553543
EDGE_SE2 12 15 0.9999739310335536 -0.007220613083417593 -24.998221154873825 0.007220613083417788 0.999973931033553 0.6486424970707991
EDGE_SE2 13 14 0.9999978762672479 -0.002060936921463504 -7.821018028971836 0.0020609369214633928 0.9999978762672485 0.15722919468841107
EDGE_SE2 13 15 0.9999997181127592 0.0007508491205448631 -15.02818566247998 -0.0007508491205447519 0.9999997181127587 0.49172836612400583
EDGE_SE2 13 16 0.9999901634801015 0.004435419150293461 -26.83188463609881 -0.004435419150293323 0.9999901634801011 1.362900350309841
EDGE_SE2 14 15 0.9999973385531512 -0.002307138186951035 -8.596588569412543 0.0023071381869511597 0.9999973385531505 0.13555541423958253
EDGE_SE2 14 16 0.9999975613349248 -0.002208466482359548 -19.194999008057422 0.0022084664823595755 0.9999975613349247 0.3327304284566704
EDGE_SE2 14 17 0.9998080735218788 0.01959122559895649 -29.860959833745373 -0.01959122559895646 0.9998080735218784 1.109685998915561
EDGE_SE2 15 16 0.9999994683653702 -0.0010311493474568917 -12.339360729169234 0.0010311493474568917 0.9999994683653703 0.3524737822897686
EDGE_SE2 15 17 0.9999997688767275 -0.0006798871172366279 -26.19559676541784 0.0006798871172365446 0.9999997688767278 0.5118824396936196
EDGE_SE2 15 18 0.999996927564456 0.002478883145200309 -41.9261231056229 -0.002478883145200198 0.9999969275644557 0.9686402684895955
EDGE_SE2 16 17 0.9999998112560515 0.0006144004079796788 -14.024894032774775 -0.0006144004079796093 0.9999998112560512 0.16122058635571668
EDGE_SE2 16 18 0.9999999206799007 -0.00039829661273726985 -31.168727554976492 0.00039829661273732537 0.9999999206799007 0.3908347046949972
EDGE_SE2 16 19 0.9992493060052942 0.038740475577078375 -43.49546242592614 -0.03874047557707842 0.9992493060052944 -0.6134464345747335
EDGE_SE2 17 18 0.9999996437394386 -0.0008441095877219917 -17.438759818980266 0.0008441095877220056 0.9999996437394384 0.21250447095232491
EDGE_SE2 17 19 0.9999717179646471 0.007520855724721954 -34.696141880773396 -0.007520855724721925 0.999971717964647 0.8179468949457404
EDGE_SE2 17 20 0.9998752045315232 -0.01579795439433406 -59.02906278974472 0.01579795439433395 0.9998752045315237 0.09689974734870925
EDGE_SE2 18 19 0.9999968556463668 -0.002507727532710746 -20.081772876704544 0.002507727532710982 0.9999968556463656 0.39153924068617185
EDGE_SE2 18 20 0.999998399916951 0.0017889000915520682 -37.90759961885302 -0.0017889000915521096 0.9999983999169514 0.45247875564687684
EDGE_SE2 18 21 0.9999995169370028 -0.000982916965968043 -55.061036487882475 0.0009829169659679596 0.9999995169370028 0.9636059912475778
EDGE_SE2 19 20 0.9999996327814974 -0.0008569929230319847 -19.204185433299966 0.0008569929230320262 0.9999996327814972 0.12216078695623105
EDGE_SE2 19 21 0.9999999470268603 -0.0003254938952345907 -35.25960676834187 0.0003254938952345908 0.9999999470268605 0.5749270505588566
EDGE_SE2 19 22 0.9999985756476389 0.0016878100285969402 -48.84280941971703 -0.0016878100285968288 0.9999985756476384 0.6369267091722974
EDGE_SE2 20 21 0.9999997878593488 -0.0006513687569064261 -17.268328156300125 0.0006513687569063152 0.9999997878593493 0.26773856714878425
EDGE_SE2 20 22 0.9999990407546847 -0.0013850955599176422 -31.72858846161632 0.00138509555991767 0.9999990407546846 0.41258297699190016
EDGE_SE2 20 23 0.9999955210442498 -0.0029929736783587276 -45.30145962394116 0.0029929736783587133 0.99999552104425 0.4167152822340239
EDGE_SE2 21 22 0.9999995236138931 -0.0009761003986301658 -14.819447712328456 0.000976100398630041 0.9999995236138934 0.09751002668851676
EDGE_SE2 21 23 0.9999982672127296 -0.0018616045602250922 -29.00540325134736 0.0018616045602250506 0.9999982672127298 0.33875757922333416
EDGE_SE2 21 24 0.9999788783932801 0.00649944361596647 -41.17203565566345 -0.006499443615966456 0.99997887839328 0.9152621385820816
EDGE_SE2 22 23 0.999999284485928 -0.0011962556720559472 -14.450681125457518 0.0011962556720559125 0.9999992844859281 0.23031757398210356
EDGE_SE2 22 24 0.9999985577064218 -0.0016984066288327933 -32.02566254646718 0.0016984066288326404 0.9999985577064224 0.6018634518303351
EDGE_SE2 22 25 0.9999920923564117 0.00397683600935996 -46.611281192733635 -0.003976836009359946 0.9999920923564116 0.8949759209238458
EDGE_SE2 23 24 0.9999998299778534 -0.0005831331445373261 -17.883919632573537 0.0005831331445373261 0.9999998299778534 0.37022979521591326
EDGE_SE2 23 25 0.999999675262496 -0.0008059000573448911 -35.92494634752888 0.0008059000573448702 0.9999996752624962 0.8520048019817427
EDGE_SE2 23 26 0.9999998445988822 -0.0005574963775123036 -50.63956270347663 0.000557496377512359 0.9999998445988822 1.087956996863127
EDGE_SE2 24 25 0.999999814253113 -0.0006095028622212851 -18.32962640769909 0.000609502862221299 0.9999998142531129 0.4401823917251886
EDGE_SE2 24 26 0.9999996308408117 -0.0008592544674300559 -33.288648004284646 0.0008592544674300976 0.9999996308408113 0.7130536946368476
EDGE_SE2 24 27 0.9998859789142285 0.015100634779209858 -43.03490833500988 -0.015100634779209875 0.9998859789142289 1.1539008072827481
EDGE_SE2 25 26 0.9999999784214592 0.0002077428255049669 -15.049509553696861 -0.00020774282550499467 0.9999999784214593 0.30293769035429463
EDGE_SE2 25 27 0.9999999995796838 2.899368183460764e-05 -27.256580346024883 -2.8993681834690906e-05 0.999999999579684 0.7110012450311287
EDGE_SE2 25 28 0.9999990784656583 -0.0013575963448291286 -36.31236802388706 0.0013575963448289343 0.9999990784656588 1.1306046391816786
EDGE_SE2 26 27 0.9999998759206463 0.0004981552894621491 -12.19464754867516 -0.0004981552894621908 0.9999998759206467 0.45955528788659306
EDGE_SE2 26 28 0.9999989334936426 -0.00146048333687504 -21.502829248284005 0.0014604833368750264 0.9999989334936427 0.8591118030708563
EDGE_SE2 26 29 0.9999990196533346 -0.0014002472530486444 -27.88161557101029 0.0014002472530487552 0.9999990196533343 1.2160654023545414
EDGE_SE2 27 28 0.9999987960206875 -0.0015517593806200773 -9.27085554702329 0.0015517593806200496 0.9999987960206879 0.4422751732643152
EDGE_SE2 27 29 0.9999980975895821 -0.0019505940674124352 -15.784593250907921 0.0019505940674125182 0.999998097589582 0.7779254353491007
EDGE_SE2 27 30 0.9999990030777691 -0.0014120352220653874 -20.46798897947146 0.00141203522206529 0.9999990030777697 1.2042522084912495
EDGE_SE2 28 29 0.9999999947825955 -0.0001021509134743054 -6.5168314461742165 0.00010215091347427765 0.9999999947825955 0.34485657469499037
EDGE_SE2 28 30 0.999999994543742 0.00010446298818392315 -11.224282241983067 -0.00010446298818389539 0.9999999945437417 0.7594986559279944
EDGE_SE2 28 31 0.9999982774769449 0.0018560827415504003 -13.9692590169314 -0.0018560827415504421 0.999998277476945 0.8875936011849983
EDGE_SE2 29 30 0.9999994368849797 0.0010612397110419613 -4.588007672062556 -0.0010612397110420378 0.9999994368849803 0.44300949095106346
EDGE_SE2 29 31 0.9999963203858807 0.0027127872565608107 -7.328617541863958 -0.002712787256560866 0.999996320385881 0.5744110664139307
EDGE_SE2 29 32 0.999992859882672 0.003778913028116792 -8.839929298442355 -0.0037789130281167226 0.9999928598826717 0.8329673314374759
EDGE_SE2 30 31 0.9999984962436622 0.0017342175223523958 -2.731578368553062 -0.0017342175223524583 0.999998496243663 0.13114864360294104
EDGE_SE2 30 32 0.9999952002690798 0.003098296112726727 -4.190582024365178 -0.003098296112726651 0.9999952002690793 0.4011427263790907
EDGE_SE2 30 33 0.9999943302575709 0.0033674103866569993 -5.527040943695908 -0.003367410386657013 0.999994330257571 0.6161404092770973
EDGE_SE2 31 32 0.999999110309786 0.0013339338948363656 -1.4506345536610792 -0.0013339338948362544 0.9999991103097854 0.264893105904235
EDGE_SE2 31 33 0.9999987720349461 0.0015671402614375034 -2.7901668519302105 -0.0015671402614373783 0.9999987720349457 0.4896866167870228
EDGE_SE2 31 34 0.999998986424011 0.0014237805136837348 -4.102102255153926 -0.0014237805136838183 0.9999989864240112 0.9638421455500734
EDGE_SE2 32 33 0.9999999334258853 0.00036489481313478243 -1.306534270807785 -0.00036489481313475467 0.9999999334258847 0.2359134752552364
EDGE_SE2 32 34 0.9999999757737649 0.0002201192183770296 -2.631144261129991 -0.00022011921837704348 0.9999999757737646 0.7111916011752528
EDGE_SE2 32 35 0.9999995816102504 0.0009147564290973723 -3.5889998938683774 -0.0009147564290974278 0.9999995816102508 1.1645498277385167
EDGE_SE2 33 34 0.9999999879928894 0.0001549652271750566 -1.261774607779216 -0.0001549652271750913 0.9999999879928895 0.4803008967326644
EDGE_SE2 33 35 0.9999998529209475 0.0005423634240901841 -2.2685175869265826 -0.0005423634240902396 0.9999998529209478 0.9305139109106878
EDGE_SE2 33 36 0.9999999116685175 0.00042031292807365194 -3.0693119738973564 -0.0004203129280737074 0.9999999116685176 1.4272757579173803
EDGE_SE2 34 35 0.9999998528183541 0.0005425525503691337 -0.9691339596867417 -0.0005425525503691129 0.9999998528183539 0.4532413249710271
EDGE_SE2 34 36 0.9999999810479124 0.00019468994581892118 -1.7805813041236338 -0.0001946899458189489 0.9999999810479127 0.9208102696387505
EDGE_SE2 34 37 0.9999998971371686 -0.00045356989756499517 -2.61092129671235 0.000453569897565023 0.9999998971371683 1.2422772732228808
EDGE_SE2 35 36 0.9999999431433813 -0.0003372139292632185 -0.7805559369662116 0.0003372139292632185 0.9999999431433814 0.4434422633573352
EDGE_SE2 35 37 0.9999992134286394 -0.0012542496173181506 -1.6530372001813485 0.001254249617318147 0.9999992134286394 0.744219216516255
EDGE_SE2 35 38 0.9999979500852751 -0.0020248025206831425 -2.3213173692392584 0.0020248025206831425 0.9999979500852754 1.0934678884038114
EDGE_SE2 36 37 0.9999999509793219 -0.00031311555998237583 -0.7721516616411135 0.00031311555998239665 0.9999999509793223 0.34518441164930674
EDGE_SE2 36 38 0.999998362525901 -0.0018096810537773648 -1.5290314721273843 0.001809681053777365 0.9999983625259011 0.5993761412914248
EDGE_SE2 36 39 0.999997028040545 -0.002438013551634465 -2.2047588059169123 0.002438013551634409 0.9999970280405451 0.9573710568518073
EDGE_SE2 37 38 0.9999997956057426 -0.0006393656810973733 -0.641002982722524 0.000639365681097349 0.9999997956057429 0.3458934996062719
EDGE_SE2 37 39 0.9999986146068786 -0.0016645673082776667 -1.3726829312182394 0.0016645673082776526 0.9999986146068787 0.6648162090399475
EDGE_SE2 37 40 0.9999969234773693 -0.002480531353571715 -2.1238988348032217 0.0024805313535716804 0.9999969234773697 0.972161860213825
EDGE_SE2 38 39 0.999999866096142 -0.000517501398855303 -0.6497127937039213 0.0005175013988553013 0.9999998660961422 0.35869591238513404
EDGE_SE2 38 40 0.9999987077874409 -0.0016076142100504424 -1.437343919659944 0.0016076142100504495 0.9999987077874408 0.6262968276097287
EDGE_SE2 38 41 0.9999973420842319 -0.002305607180581402 -2.2577580926903953 0.0023056071805814854 0.9999973420842312 0.9557913688386676
EDGE_SE2 39 40 0.9999996678919915 -0.0008149944216609736 -0.7491183632688333 0.0008149944216609598 0.9999996678919917 0.3006531696059686
EDGE_SE2 39 41 0.9999988885087462 -0.0014909665563450432 -1.5750039506965048 0.001490966556345036 0.9999988885087465 0.6299219357478437
EDGE_SE2 39 42 0.9999974151551716 -0.0022736936853461048 -2.4453842303600415 0.00227369368534616 0.9999974151551713 0.8876867832340171
EDGE_SE2 40 41 0.9999997481272791 -0.0007097502228010438 -0.8477259666913453 0.0007097502228010334 0.9999997481272792 0.3559132187072496
EDGE_SE2 40 42 0.9999991487681069 -0.0013047846801133092 -1.6721906882570259 0.0013047846801132884 0.9999991487681071 0.6064146685972915
EDGE_SE2 40 43 0.9999984114883833 -0.0017824199027476747 -2.5959926127581525 0.0017824199027477166 0.9999984114883832 0.640782369755043
EDGE_SE2 41 42 0.9999996622508606 -0.000821886953727521 -0.8895101805427835 0.0008218869537275558 0.9999996622508601 0.25411178647896776
EDGE_SE2 41 43 0.9999992656227997 -0.0012119215572564397 -1.7880116372109742 0.0012119215572564811 0.9999992656227996 0.2911650670677903
EDGE_SE2 41 44 0.9999972433431054 -0.0023480430554707493 -2.4846243096014295 0.0023480430554706382 0.999997243343106 0.584205827960456
EDGE_SE2 42 43 0.999999953851577 -0.00030380395519927873 -0.8893410721873155 0.0003038039551993342 0.9999999538515764 0.05191030559411982
EDGE_SE2 42 44 0.9999988303475045 -0.001529478219294952 -1.5882177047012331 0.001529478219294938 0.9999988303475046 0.32282612941899635
EDGE_SE2 42 45 0.9999966681528153 -0.002581411100128048 -1.5544028110660983 0.002581411100128097 0.9999966681528146 0.6770177418828875
EDGE_SE2 43 44 0.9999993588477386 -0.0011323886753890002 -0.6985501553081455 0.0011323886753889863 0.9999993588477386 0.28568444477314586
EDGE_SE2 43 45 0.999997633235642 -0.002175666131400136 -0.664660002427369 0.0021756661314000668 0.9999976332356425 0.6337851575528279
EDGE_SE2 43 46 0.999995409088727 -0.0030301487536501513 0.9164071236461717 0.003030148753650158 0.999995409088727 0.9314727968552506
EDGE_SE2 44 45 0.999999415055465 -0.0010816139460732921 0.024209136047482115 0.0010816139460732505 0.9999994150554654 0.34414111479558845
EDGE_SE2 44 46 0.9999980705786973 -0.001964392751522434 1.6052091331517944 0.0019643927515225175 0.9999980705786965 0.6588670396985682
EDGE_SE2 44 47 0.9999987830698374 -0.0015600829606539498 4.432754922323947 0.0015600829606539357 0.9999987830698377 0.6815092395832327
EDGE_SE2 45 46 0.9999997220575533 -0.0007455768344210301 1.5974358033155878 0.0007455768344210231 0.9999997220575534 0.30441809129426267
EDGE_SE2 45 47 0.9999999254452663 -0.00038614694401419724 4.430310991911908 0.00038614694401419724 0.9999999254452663 0.3291455265823974
EDGE_SE2 45 48 0.9999998710471307 -0.0005078441902788761 8.227519867255292 0.000507844190278883 0.9999998710471307 0.36904822779497093
EDGE_SE2 46 47 0.9999999004025202 0.0004463126152889358 2.818771749613331 -0.0004463126152889982 0.9999999004025207 0.021990628031389667
EDGE_SE2 46 48 0.9999999767896909 0.00021545444454452306 6.6076763807867795 -0.00021545444454452306 0.9999999767896909 0.055534463920293035
EDGE_SE2 46 49 0.9999998913049437 0.0004662511138816552 11.774953121014518 -0.00046625111388173856 0.9999998913049439 -0.4471659449590523
EDGE_SE2 47 48 0.9999999844520476 -0.00017634030866715833 3.8395551677463247 0.00017634030866715833 0.9999999844520477 0.028832620943301572
EDGE_SE2 47 49 0.999999999986447 5.206335324366148e-06 8.975707041921567 -5.206335324338393e-06 0.9999999999864466 -0.4748494549238268
EDGE_SE2 47 50 0.9999989251938 0.001466155259811997 17.19233285332921 -0.0014661552598120525 0.9999989251938003 -1.3747242543818723
EDGE_SE2 48 49 0.9999999430504994 0.0003374892546543838 5.174726638304292 -0.00033748925465432135 0.999999943050499 -0.5032278963721669
EDGE_SE2 48 50 0.9999986694610606 0.001631280512133899 13.403577585841662 -0.0016312805121339682 0.9999986694610612 -1.43178597328328
EDGE_SE2 48 51 0.9999976532426377 0.0021664508346320764 22.905842167456512 -0.002166450834632153 0.9999976532426383 -3.7273907483997766
EDGE_SE2 49 50 0.9999992438821744 0.0012297296773069104 8.248581580487308 -0.0012297296773068685 0.9999992438821741 -0.9347968318937036
EDGE_SE2 49 51 0.9999979348788679 0.0020322986984927243 17.902549558094687 -0.002032298698492711 0.9999979348788678 -3.2007369857467234
EDGE_SE2 49 52 0.9999940755090448 0.003442229918389983 28.87956136454475 -0.0034422299183900318 0.9999940755090454 -5.048638618837297
EDGE_SE2 50 51 0.9999997900494605 0.0006479977120809193 9.701652030784064 -0.0006479977120809194 0.9999997900494605 -2.2758922971906332
EDGE_SE2 50 52 0.9999981533736688 0.0019217828317159137 20.886396711265956 -0.0019217828317159118 0.9999981533736689 -4.09582400886672
EDGE_SE2 50 53 0.9999932243430438 0.003681204694517338 32.26408697875496 -0.0036812046945173104 0.9999932243430433 -5.812105349135518
EDGE_SE2 51 52 0.9999993496664072 0.0011404677827480507 11.238896562592629 -0.001140467782748063 0.9999993496664074 -1.809887244084351
EDGE_SE2 51 53 0.9999955504499664 0.002983132626656375 22.685554451954097 -0.002983132626656285 0.9999955504499656 -3.5112883612141776
EDGE_SE2 51 54 0.9999913918832363 0.004149236005277625 30.985900797509682 -0.004149236005277626 0.9999913918832364 -4.117827737885946
EDGE_SE2 52 53 0.9999984955189821 0.0017346353427419928 11.528846175713523 -0.0017346353427419928 0.9999984955189821 -1.6838794669798434
EDGE_SE2 52 54 0.9999955635369475 0.0029787424231443645 22.445595802576165 -0.0029787424231444756 0.9999955635369484 -3.0000264959235223
EDGE_SE2 52 55 0.9999954750668084 0.003008296180197668 33.05461105697223 -0.003008296180197641 0.9999954750668082 -3.741240761417663
EDGE_SE2 53 54 0.9999990365338803 0.001388139513961326 11.151904564077682 -0.0013881395139612425 0.9999990365338794 -1.3106761520046313
EDGE_SE2 53 55 0.9999991798641726 0.0012807306441368707 21.684421534875042 -0.0012807306441369054 0.9999991798641727 -2.043692883838401
EDGE_SE2 53 56 0.9999994867612044 0.0010131521741246073 31.793050339651135 -0.001013152174124635 0.9999994867612046 -2.5371347707128584
EDGE_SE2 54 55 0.9999999953671478 -9.62585308705855e-05 10.706054440953444 9.625853087057162e-05 0.9999999953671479 -0.7140234830088
EDGE_SE2 54 56 0.9999999869720679 -0.00016141828965417226 20.907413281386656 0.0001614182896541445 0.9999999869720684 -1.1785359908452517
EDGE_SE2 54 57 0.9999979958647205 0.0020020655690309724 31.163348244904874 -0.0020020655690309586 0.9999979958647203 -1.9505940615046868
EDGE_SE2 55 56 0.9999999696227986 -0.0002464840800682071 10.26361891278419 0.00024648408006824874 0.9999999696227984 -0.4617446291570112
EDGE_SE2 55 57 0.999998379282149 0.0018003980325260877 20.584058546561305 -0.0018003980325261015 0.9999983792821489 -1.229385501531842
EDGE_SE2 55 58 0.999996261468529 0.002734419310570143 30.841325282582336 -0.00273441931057024 0.9999962614685293 -2.7408402083621564
EDGE_SE2 56 57 0.9999983044163512 0.0018415114507025487 10.33925973146921 -0.001841511450702528 0.9999983044163507 -0.7761473040593448
EDGE_SE2 56 58 0.9999959505149263 0.0028458660806268536 20.680708227034977 -0.002845866080626798 0.9999959505149261 -2.3012184045046173
EDGE_SE2 56 59 0.9999991552914742 -0.0012997754949566323 28.248471004611478 0.0012997754949567156 0.9999991552914734 -3.63427488604315
EDGE_SE2 57 58 0.9999997122911413 0.0007585628743948664 10.515628371084105 -0.0007585628743948664 0.9999997122911415 -1.4950121283145852
EDGE_SE2 57 59 0.9999998415029808 0.0005630222139276222 20.71133408837852 -0.0005630222139277056 0.9999998415029812 -3.1885254910071934
EDGE_SE2 57 60 0.9999999099300836 0.0004244288210707155 30.602252414344505 -0.00042442882107063224 0.9999999099300833 -3.924517199203489
EDGE_SE2 58 59 0.9999999951209215 -9.878338784068142e-05 10.38017835813399 9.878338784059817e-05 0.999999995120922 -1.7009701137554314
EDGE_SE2 58 60 0.9999999906958135 -0.00013641251111887193 20.5023489414968 0.00013641251111884414 0.9999999906958136 -2.3830150565213546
EDGE_SE2 58 61 0.9999999850733055 0.00017278133405303222 30.293520180649267 -0.00017278133405306 0.9999999850733057 -3.0771493278485282
EDGE_SE2 59 60 0.9999999840528326 0.00017858984768317316 10.25173456252265 -0.0001785898476830899 0.9999999840528315 -0.7269128240073963
EDGE_SE2 59 61 0.9999998121240106 0.0006129860873471322 20.227331971136536 -0.0006129860873471183 0.9999998121240106 -1.4120781674036724
EDGE_SE2 59 62 0.9999623922835109 -0.008672601607238819 25.926350911457256 0.00867260160723879 0.999962392283511 -2.6017157471201093
EDGE_SE2 60 61 0.9999999279978209 0.00037947905456259257 10.09190868178995 -0.0003794790545625995 0.999999927997821 -0.6821829325540802
EDGE_SE2 60 62 0.9999996185068588 0.0008734907769201867 19.994379241579175 -0.0008734907769203671 0.9999996185068597 -1.6869376719229365
EDGE_SE2 60 63 0.9999903432043441 -0.004394712511432059 25.66266374736299 0.004394712511432058 0.9999903432043441 -2.6519200585074154
EDGE_SE2 61 62 0.9999999129246738 0.00041731360520538846 10.044122054374212 -0.0004173136052054162 0.9999999129246739 -1.0100708379151901
EDGE_SE2 61 63 0.9999995146907656 0.0009851995905669482 19.665921483364937 -0.000985199590566865 0.9999995146907651 -1.8381431410336433
EDGE_SE2 61 64 0.9999999780030027 0.00020974745043408866 28.783686192084332 -0.00020974745043386662 0.999999978003002 -2.361191101907857
EDGE_SE2 62 63 0.9999999237608179 0.0003904847740872077 9.624205383762892 -0.00039048477408726317 0.9999999237608179 -0.8292093069287964
EDGE_SE2 62 64 0.9999999985766614 -5.3354261689037015e-05 18.993517667745614 5.3354261689009266e-05 0.9999999985766614 -1.3437097571319676
EDGE_SE2 62 65 0.9999997608573766 -0.0006915816580988783 27.97434411587738 0.000691581658098781 0.9999997608573773 -2.470660400420364
EDGE_SE2 63 64 0.9999999028135071 -0.0004408775073654061 9.462130313749975 0.000440877507365309 0.9999999028135075 -0.5075615926832944
EDGE_SE2 63 65 0.9999993917751901 -0.0011029275815295644 18.55893845714787 0.001102927581529551 0.9999993917751901 -1.617253184886808
EDGE_SE2 63 66 0.9999985347878935 -0.0017118475592287343 27.407821500421978 0.0017118475592287899 0.9999985347878931 -2.5040204003026583
EDGE_SE2 64 65 0.9999998422346914 -0.0005617210994622323 9.099231013071293 0.0005617210994620519 0.9999998422346921 -1.0890233448864375
EDGE_SE2 64 66 0.9999991936240676 -0.0012699414215029954 18.14038221827729 0.001269941421503023 0.9999991936240676 -1.9855292406473288
EDGE_SE2 64 67 0.9999995556285947 -0.0009427314633354813 26.026033247341132 0.0009427314633357448 0.9999995556285938 -2.5803443354329736
EDGE_SE2 65 66 0.9999998690198928 -0.0005118204733151192 9.099766852037922 0.0005118204733151608 0.9999998690198927 -0.8876141048561272
EDGE_SE2 65 67 0.9999999990785485 -4.292905235822601e-05 17.181302536819146 4.29290523581705e-05 0.9999999990785489 -1.495258284585306
EDGE_SE2 65 68 0.9999996384543214 0.0008503477094459759 25.698319651189177 -0.0008503477094460176 0.9999996384543214 -1.9220300009081146
EDGE_SE2 66 67 0.9999999225748901 0.00039351011808208476 8.09296853348488 -0.00039351011808191823 0.9999999225748892 -0.596675369601753
EDGE_SE2 66 68 0.9999990873391734 0.0013510443442704412 16.718966092974505 -0.0013510443442704412 0.9999990873391734 -1.0297521223844568
EDGE_SE2 67 68 0.9999993572347134 0.0011338122243252924 8.73088502735365 -0.0011338122243253342 0.9999993572347136 -0.4423935035767726
