0 0.00017077 -1 6.0031 1 0.00017077 171.8465
1 0.00010686 -1 6.0337 1 0.00010686 170.8417
2 4.7905e-06 -1 6.0643 1 4.7905e-06 168.4075
3 -0.0012744 -1 5.7436 1 -0.0012744 162.2479
4 -0.002919 -1 5.467 1 -0.002919 154.7819
5 -0.0033037 -0.99999 5.0348 0.99999 -0.0033037 150.2314
6 -0.0029407 -1 4.516 1 -0.0029407 148.5702
7 -0.0016957 -1 4.2018 1 -0.0016957 147.3151
8 -0.00053085 -1 4.0408 1 -0.00053085 145.9038
9 -0.00063427 -1 4.2694 1 -0.00063427 142.9041
10 -0.00033918 -1 4.0914 1 -0.00033918 135.8851
11 -0.0008571 -1 3.8275 1 -0.0008571 127.927
12 0.0018565 -1 3.5935 1 0.0018565 120.2943
13 -0.0024571 -1 3.25 1 -0.0024571 111.1059
14 -0.0020195 -1 3.031 1 -0.0020195 103.8364
15 -0.00010929 -1 2.8312 1 -0.00010929 96.2001
16 -0.0027299 -1 2.1723 1 -0.0027299 83.7304
17 0.008301 -0.99997 2.3058 0.99997 0.008301 71.9224
18 0.0059996 -0.99998 2.0788 0.99998 0.0059996 54.3959
19 0.013033 -0.99992 1.9145 0.99992 0.013033 36.1158
20 0.007022 -0.99998 1.4289 0.99998 0.007022 16.3249
21 0.0075342 -0.99997 0.96987 0.99997 0.0075342 -0.45748
22 0.00873 -0.99996 0.74506 0.99996 0.00873 -14.2744
23 0.0080666 -0.99997 0.46372 0.99997 0.0080666 -27.9467
24 0.0082018 -0.99997 -0.11707 0.99997 0.0082018 -44.7759
25 0.010477 -0.99995 -0.64052 0.99995 0.010477 -62.5077
26 0.010351 -0.99995 -1.0783 0.99995 0.010351 -77.7066
27 0.0135 -0.99991 -1.6166 0.99991 0.0135 -89.3794
28 0.010293 -0.99995 -2.1752 0.99995 0.010293 -98.8881
29 0.010139 -0.99995 -2.587 0.99995 0.010139 -105.4074
30 0.011072 -0.99994 -3.0701 0.99994 0.011072 -109.9942
31 0.012666 -0.99992 -3.2255 0.99992 0.012666 -112.7525
32 0.013997 -0.9999 -3.5075 0.9999 0.013997 -114.2018
33 0.014253 -0.9999 -3.75 0.9999 0.014253 -115.5301
34 0.014291 -0.9999 -4.2479 0.9999 0.014291 -116.809
35 0.014899 -0.99989 -4.7296 0.99989 0.014899 -117.7777
36 0.014549 -0.99989 -5.2074 0.99989 0.014549 -118.5757
37 0.013803 -0.9999 -5.5174 0.9999 0.013803 -119.401
38 0.012888 -0.99992 -5.854 0.99992 0.012888 -120.0815
39 0.012178 -0.99993 -6.2044 0.99993 0.012178 -120.7565
40 0.011314 -0.99994 -6.5049 0.99994 0.011314 -121.5057
41 0.010684 -0.99994 -6.8585 0.99994 0.010684 -122.3204
42 0.0099084 -0.99995 -7.1241 0.99995 0.0099084 -123.1965
43 0.0095146 -0.99995 -7.1764 0.99995 0.0095146 -124.0932
44 0.0083926 -0.99996 -7.4662 0.99996 0.0083926 -124.7865
45 0.0073216 -0.99997 -7.8154 0.99997 0.0073216 -124.756
46 0.006427 -0.99998 -8.1032 0.99998 0.006427 -123.1613
47 0.0069404 -0.99998 -8.1124 0.99998 0.0069404 -120.3428
48 0.0069173 -0.99998 -8.1279 0.99998 0.0069173 -116.5195
49 0.0063804 -0.99998 -7.5464 0.99998 0.0063804 -111.3985
50 0.0089598 -0.99996 -6.6341 0.99996 0.0089598 -103.1872
51 0.0098298 -0.99995 -4.287 0.99995 0.0098298 -93.6169
52 0.012278 -0.99992 -2.4264 0.99992 0.012278 -81.9632
53 0.013423 -0.99991 -0.58965 0.99991 0.013423 -71.2595
54 0.014853 -0.99989 0.84532 0.99989 0.014853 -60.347
55 0.015055 -0.99989 1.6978 0.99989 0.015055 -50.3476
56 0.014818 -0.99989 2.3304 0.99989 0.014818 -39.7233
57 0.016806 -0.99986 3.2587 0.99986 0.016806 -29.5159
58 0.017393 -0.99985 4.938 0.99985 0.017393 -19.3283
59 0.018008 -0.99984 6.7907 0.99984 0.018008 -8.7056
60 0.017044 -0.99985 7.7016 0.99985 0.017044 1.1119
61 0.016211 -0.99987 8.5724 0.99987 0.016211 10.316
62 0.014844 -0.99989 9.7761 0.99989 0.014844 19.4445
63 0.015263 -0.99988 10.7527 0.99988 0.015263 28.7658
64 0.015198 -0.99988 11.4074 0.99988 0.015198 38.4678
65 0.014326 -0.9999 12.6516 0.9999 0.014326 47.3952
66 0.013828 -0.9999 13.6689 0.9999 0.013828 56.4007
67 0.014227 -0.9999 14.3825 0.9999 0.014227 64.4747
68 0.01525 -0.99988 14.9428 0.99988 0.01525 73.1436
